Id,detail_url,Entradeta,imatge_principal_text_alternatiu,imatge_principal_peu,imatge_principal_nom,imatge_principal_fitxer,imatge_principal_autor,Superficie,Subambit,bloc_nomchar,bloc_optionchar,bloc_tipuschar,bloc_nomchar,bloc_optionchar,bloc_tipuschar,pestanya_nom,pestanya_text,bloc_nomchar,bloc_optionchar,bloc_tipuschar,bloc_nomchar,bloc_optionchar,bloc_tipuschar,pestanya_nom,pestanya_text,bloc_nomchar,bloc_optionchar,bloc_tipuschar,bloc_nomchar,bloc_optionchar,bloc_tipuschar,pestanya_nom,pestanya_text,bloc_nomchar,bloc_optionchar,bloc_tipuschar,pestanya_nom,pestanya_text,bloc_nomchar,bloc_optionchar,bloc_tipuschar,pestanya_nom,pestanya_text,Web del municipi,Idioma,articleId,Nom,Àmbit,0,1,altres_ambits_ambit,altres_ambits_subambit,Població,ajuntament_municipi,ajuntament_codi_postal,ajuntament_fax,ajuntament_carrer,ajuntament_telefon,structure_configuration,full_text_search,date_updated ,,,
54533717e57214ab3e840fd3,http://www.amb.cat/ca_ES/web/area-metropolitana/municipis-metropolitans/detall/-/municipi/badia-del-valles/271508/11692,"Badia del Vallès és una vila i municipi de la comarca del Vallès Occidental. Limita amb Cerdanyola del Vallès, Barberà del Vallès i Sabadell. És un dels municipis amb la densitat de població més alta del país i un dels més joves de Catalunya. Abans l'àrea era coneguda amb el nom de Ciutat Badia.",Mapa Badia del Vallès,,Mapa Badia del Vallès,http://www.amb.cat/documents/11696/317954/badia_del_valles.jpg/d965d1c3-5cb0-416e-9eb6-2afc4189e9be?t=1373265872000,,"0,9",Dades estadístiques,Badia del Vallès - Evolució de la població total i estrangera,Mostrar gràfic i taula,municipis,Badalona - Lloc de naixement de la població,Mostrar gràfic i taula,municipis,Població,,Badia del Vallès - Evolució afiliació Seguretat Social ,Mostrar gràfic i taula,municipis,Badia del Vallès - Evolució de la taxa d'atur,Mostrar gràfic i taula,municipis,Activitat econòmica,,Badia del Vallès - Edificis segons any de construcció,Mostrar gràfic i taula,municipis,Badia del Vallès - Habitatges acabats i iniciats ,Mostrar gràfic i taula,municipis,Edificis i habitatges,,Badia del Vallès - Evolució de l'ocupació per ús del sòl,Mostrar gràfic i taula,municipis,Sòl,,Badia del Vallès - Evolució del percentatge vots,Mostrar gràfic i taula,municipis,Eleccions municipals 2019,,http://www.badiadelvalles.net/,ca_ES,271508,Badia del Vallès,Àrea metropolitana,2.11635065078735,41.508129119873,,,13.482,Badia del Vallès,8214,,"Av. Burgos, s/n",93 718 22 16,,"Badia del Vallès Badia del Vallès és una vila i municipi de la comarca del Vallès Occidental. Limita amb Cerdanyola del Vallès, Barberà del Vallès i Sabadell. És un dels municipis amb la densitat de població més alta del país i un dels més joves de Catalunya. Abans l'àrea era coneguda amb el nom de Ciutat Badia. 13.482 Badia del Vallès Av. Burgos, s/n",2019-07-02T10:18:27.096Z ,,,
54533717e57214ab3e840fd5,http://www.amb.cat/ca_ES/web/area-metropolitana/municipis-metropolitans/detall/-/municipi/barbera-del-valles/271870/11692,"Barberà del Vallès és un municipi de la comarca del Vallès Occidental. Situat a uns 15 minuts de Barcelona. Limita amb Sabadell, Badia del Vallès, Cerdanyola del Vallès, Montcada i Reixac i Santa Perpètua de Mogoda. Dins l'antiga vall geogràfica de la plana del Vallès, Barberà està situat entre el llindar del riu Ripoll i del riu Sec.",Mapa Barberà del Vallès,,Mapa Barberà del Vallès,http://www.amb.cat/documents/11696/317954/barbera_del_valles.jpg/3295fe74-79d4-450d-97bc-dc9a8099598d?t=1373265872000,,"8,3",Dades estadístiques,Barberà del Vallès - Evolució de la població total i estrangera,Mostrar gràfic i taula,municipis,Barberà del Vallès - Lloc de naixement de la població,Mostrar gràfic i taula,municipis,Població,,Barberà del Vallès - Evolució afiliació Seguretat Social ,Mostrar gràfic i taula,municipis,Barberà del Vallès - Evolució de la taxa d'atur,Mostrar gràfic i taula,municipis,Activitat econòmica,,Barberà del Vallès - Edificis segons any de construcció,Mostrar gràfic i taula,municipis,Barberà del Vallès - Habitatges acabats i iniciats ,Mostrar gràfic i taula,municipis,Edificis i habitatges,,Barberà del Vallès - Evolució de l'ocupació per ús del sòl,Mostrar gràfic i taula,municipis,Sòl,,Barberà del Vallès - Evolució del percentatge vots,Mostrar gràfic i taula,municipis,Eleccions municipals 2019,,http://www.bdv.es,ca_ES,271870,Barberà del Vallès,Àrea metropolitana,2.12475395202637,41.5155715942383,,,32.832,Barberà del Vallès,8210,,"Av. Generalitat, 70",93 729 30 30,,"Barberà del Vallès Barberà del Vallès és un municipi de la comarca del Vallès Occidental. Situat a uns 15 minuts de Barcelona. Limita amb Sabadell, Badia del Vallès, Cerdanyola del Vallès, Montcada i Reixac i Santa Perpètua de Mogoda. Dins l'antiga vall geogràfica de la plana del Vallès, Barberà està situat entre el llindar del riu Ripoll i del riu Sec. 32.832 Barberà del Vallès Av. Generalitat, 70",2019-07-02T10:13:54.360Z ,,,
54533717e57214ab3e840fd7,http://www.amb.cat/ca_ES/web/area-metropolitana/municipis-metropolitans/detall/-/municipi/begues/271918/11692,"Begues és un municipi de la comarca del Baix Llobregat. Està situat a uns 400 metres d'altitud, al sud-oest de la comarca, i una part molt important del Parc del Garraf es troba en el seu terme, incloent-hi els pics de Montau (658 m) i de la Morella (594 m). Begues està connectat amb Avinyonet del Penedès i amb Gavà per una carretera comarcal. Amb 50 km<sup>2</sup> de superfície és el municipi amb més extensió del Baix Llobregat.",Mapa Begues,,Mapa Begues,http://www.amb.cat/documents/11696/317954/begues.jpg/fee41d5a-426f-4417-ab8e-75debd7a2346?t=1373265871000,,"50,4",Dades estadístiques,Begues - Evolució de la població total i estrangera,Mostrar gràfic i taula,municipis,Begues - Lloc de naixement de la població,Mostrar gràfic i taula,municipis,Població,,Begues - Evolució afiliació Seguretat Social ,Mostrar gràfic i taula,municipis,Begues - Evolució de la taxa d'atur,Mostrar gràfic i taula,municipis,Activitat econòmica,,Begues - Edificis segons any de construcció,Mostrar gràfic i taula,municipis,Begues - Habitatges acabats i iniciats ,Mostrar gràfic i taula,municipis,Edificis i habitatges,,Begues - Evolució de l'ocupació per ús del sòl,Mostrar gràfic i taula,municipis,Sòl,,Begues - Evolució del percentatge vots,Mostrar gràfic i taula,municipis,Eleccions municipals 2019,,http://www.begues.cat/,ca_ES,271918,Begues,Àrea metropolitana,1.92340326309204,41.328426361084,,,6.736,Begues,8859,,"Av. Torre Vilaró, 4",93 639 05 38,,"Begues Begues és un municipi de la comarca del Baix Llobregat. Està situat a uns 400 metres d'altitud, al sud-oest de la comarca, i una part molt important del Parc del Garraf es troba en el seu terme, incloent-hi els pics de Montau (658 m) i de la Morella (594 m). Begues està connectat amb Avinyonet del Penedès i amb Gavà per una carretera comarcal. Amb 50 km<sup>2</sup> de superfície és el municipi amb més extensió del Baix Llobregat. 6.736 Begues Av. Torre Vilaró, 4",2019-07-02T10:18:59.925Z ,,,
54533717e57214ab3e840fd9,http://www.amb.cat/ca_ES/web/area-metropolitana/municipis-metropolitans/detall/-/municipi/castellbisbal/272330/11692,"Castellbisbal és un municipi de la comarca del Vallès Occidental. Es troba situat al marge esquerre del riu Llobregat, en la seva confluència amb la riera de Rubí. En tractar-se d'un municipi extens, en una àrea geogràficament abrupta, de tradició agrícola i actualment industrial, situada prop de nuclis de comunicació estratègics, s'ha afavorit l'aparició de nuclis de població dispersos, com urbanitzacions i nombrosos polígons industrials.",Mapa Badalona,,Mapa Badalona,http://www.amb.cat/documents/11696/317954/castellbisbal.jpg/9c8ddbcd-e33d-473a-a3f4-1b860f5c25b2?t=1373265871000,,31,Dades estadístiques,Castellbisbal - Evolució de la població total i estrangera,Mostrar gràfic i taula,municipis,Castellbisbal - Lloc de naixement de la població,Mostrar gràfic i taula,municipis,Població,,Castellbisbal - Evolució afiliació Seguretat Social ,Mostrar gràfic i taula,municipis,Castellbisbal - Evolució de la taxa d'atur,Mostrar gràfic i taula,municipis,Activitat econòmica,,Castellbisbal - Edificis segons any de construcció,Mostrar gràfic i taula,municipis,Castellbisbal - Habitatges acabats i iniciats ,Mostrar gràfic i taula,municipis,Edificis i habitatges,,Castellbisbal - Evolució de l'ocupació per ús del sòl,Mostrar gràfic i taula,municipis,Sòl,,Castellbisbal - Evolució del percentatge vots,Mostrar gràfic i taula,municipis,Eleccions municipals 2019,,http://www.castellbisbal.org/,ca_ES,272330,Castellbisbal,Àrea metropolitana,1.98022317886353,41.4750862121582,,,12.277,Castellbisbal,8755,,"Av. Pau Casals, 9",93 772 02 25,,"Castellbisbal Castellbisbal és un municipi de la comarca del Vallès Occidental. Es troba situat al marge esquerre del riu Llobregat, en la seva confluència amb la riera de Rubí. En tractar-se d'un municipi extens, en una àrea geogràficament abrupta, de tradició agrícola i actualment industrial, situada prop de nuclis de comunicació estratègics, s'ha afavorit l'aparició de nuclis de població dispersos, com urbanitzacions i nombrosos polígons industrials. 12.277 Castellbisbal Av. Pau Casals, 9",2019-07-02T10:15:31.961Z ,,,
54533717e57214ab3e840fdb,http://www.amb.cat/ca_ES/web/area-metropolitana/municipis-metropolitans/detall/-/municipi/cerdanyola-del-valles/272377/11692,"Cerdanyola del Vallès és un municipi de la comarca del Vallès Occidental. Se situa a uns 6 km al nord-est de Barcelona. Limita amb els municipis de Sant Cugat del Vallès, Sant Quirze del Vallès, Badia del Vallès, Barberà del Vallès, Sabadell, Ripollet, Montcada i Reixac i Barcelona.",Mapa Cerdanyola del Vallès,,Mapa Cerdanyola del Vallès,http://www.amb.cat/documents/11696/317954/cerdanyola.jpg/dcc7b6dc-cd45-4af0-80d9-3568bedb914c?t=1373265870000,,"30,6",Dades estadístiques,Cerdanyola del Vallès - Evolució de la població total i estrangera,Mostrar gràfic i taula,municipis,Cerdanyola del Vallès - Lloc de naixement de la població,Mostrar gràfic i taula,municipis,Població,,Cerdanyola del Vallès - Evolució afiliació Seguretat Social ,Mostrar gràfic i taula,municipis,Cerdanyola del Vallès - Evolució de la taxa d'atur,Mostrar gràfic i taula,municipis,Activitat econòmica,,Cerdanyola del Vallès - Edificis segons any de construcció,Mostrar gràfic i taula,municipis,Cerdanyola del Vallès - Habitatges acabats i iniciats ,Mostrar gràfic i taula,municipis,Edificis i habitatges,,Cerdanyola del Vallès - Evolució de l'ocupació per ús del sòl,Mostrar gràfic i taula,municipis,Sòl,,Cerdanyola del Vallès - Evolució del percentatge vots,Mostrar gràfic i taula,municipis,Eleccions municipals 2019,,http://www.cerdanyola.cat/,ca_ES,272377,Cerdanyola del Vallès,Àrea metropolitana,2.13626337051392,41.4911613464355,,,57.543,Cerdanyola del Vallès,8290,,"Plaça Francesc Layret, s/n",93 580 88 88,,"Cerdanyola del Vallès Cerdanyola del Vallès és un municipi de la comarca del Vallès Occidental. Se situa a uns 6 km al nord-est de Barcelona. Limita amb els municipis de Sant Cugat del Vallès, Sant Quirze del Vallès, Badia del Vallès, Barberà del Vallès, Sabadell, Ripollet, Montcada i Reixac i Barcelona. 57.543 Cerdanyola del Vallès Plaça Francesc Layret, s/n",2019-07-02T10:14:27.698Z ,,,
54533717e57214ab3e840fdd,http://www.amb.cat/ca_ES/web/area-metropolitana/municipis-metropolitans/detall/-/municipi/cervello/272895/11692,"Situat a la comarca del Baix Llobregat, a només vint quilòmetres de Barcelona, en plena natura i rodejat per muntanyes, Cervelló comparteix veïnatge amb els municipis de Vallirana, Corbera de Llobregat, la Palma de Cervelló, Torrelles de Llobregat, Sant Vicenç dels Horts, Gelida i Subirats.",Mapa Cervelló,,Mapa Cervelló,http://www.amb.cat/documents/11696/317954/cervello.jpg/685bf6c4-4277-4266-a297-c9eae1a71031?t=1373265870000,,"24,1",Dades estadístiques,Cervelló - Evolució de la població total i estrangera,Mostrar gràfic i taula,municipis,Cervelló - Lloc de naixement de la població,Mostrar gràfic i taula,municipis,Territori,,Cervelló - Evolució afiliació Seguretat Social ,Mostrar gràfic i taula,municipis,Cervelló - Evolució de la taxa d'atur,Mostrar gràfic i taula,municipis,Activitat econòmica,,Cervelló - Edificis segons any de construcció,Mostrar gràfic i taula,municipis,Cervelló - Habitatges acabats i iniciats ,Mostrar gràfic i taula,municipis,Edificis i habitatges,,Cervelló - Evolució de l'ocupació per ús del sòl,Mostrar gràfic i taula,municipis,Sòl,,Cervelló - Evolució del percentatge vots,Mostrar gràfic i taula,municipis,Eleccions municipals 2019,,http://www.cervello.cat/,ca_ES,272895,Cervelló,Àrea metropolitana,1.96037292480469,41.3948402404785,,,8.861,Cervelló,8758,,"C. Major, 146-148",93 660 00 70,,"Cervelló Situat a la comarca del Baix Llobregat, a només vint quilòmetres de Barcelona, en plena natura i rodejat per muntanyes, Cervelló comparteix veïnatge amb els municipis de Vallirana, Corbera de Llobregat, la Palma de Cervelló, Torrelles de Llobregat, Sant Vicenç dels Horts, Gelida i Subirats. 8.861 Cervelló C. Major, 146-148",2019-07-02T10:14:57.356Z ,,,
54533717e57214ab3e840fdf,http://www.amb.cat/ca_ES/web/area-metropolitana/municipis-metropolitans/detall/-/municipi/corbera-de-llobregat/272926/11692,"Corbera de Llobregat és un municipi que pertany a la comarca del Baix Llobregat. És situat al marge dret del riu Llobregat, a uns 342 metres d'alçada sobre el nivell del mar i a uns 24 quilòmetres al sud de la capital, Barcelona. Té una superfície de 18,44 km<sup>2</sup> i s'estén des del puig d'Agulles i la Creu de l'Aragall fins aigües avall de la riera de Sant Joan o Corbera quan va cap al riu Llobregat, a l'indret de la roca del Droc.",Mapa Badalona,,Mapa Badalona,http://www.amb.cat/documents/11696/317954/corbera_de_llobregat.jpg/d6fc1ac3-dfc8-44d4-a3f8-9935c6459173?t=1373265869000,,"18,4",Dades estadístiques,Corbera de Llobregat - Evolució de la població total i estrangera,Mostrar gràfic i taula,municipis,Corbera de Llobregat - Lloc de naixement de la població,Mostrar gràfic i taula,municipis,Població,,Corbera de Llobregat - Evolució afiliació Seguretat Social ,Mostrar gràfic i taula,municipis,Corbera de Llobregat - Evolució de la taxa d'atur,Mostrar gràfic i taula,municipis,Activitat econòmica,,Corbera de Llobregat - Edificis segons any de construcció,Mostrar gràfic i taula,municipis,Corbera de Llobregat - Habitatges acabats i iniciats ,Mostrar gràfic i taula,municipis,Edificis i habitatges,,Corbera de Llobregat - Evolució de l'ocupació per ús del sòl,Mostrar gràfic i taula,municipis,Sòl,,Corbera de Llobregat - Evolució del percentatge vots,Mostrar gràfic i taula,municipis,Eleccions municipals 2019,,http://www.corberadellobregat.org/,ca_ES,272926,Corbera de Llobregat,Àrea metropolitana,1.93084716796875,41.4171142578125,,,14.168,Corbera de Llobregat,8757,,"C. de la Pau, 5",93 650 02 11,,"Corbera de Llobregat Corbera de Llobregat és un municipi que pertany a la comarca del Baix Llobregat. És situat al marge dret del riu Llobregat, a uns 342 metres d'alçada sobre el nivell del mar i a uns 24 quilòmetres al sud de la capital, Barcelona. Té una superfície de 18,44 km<sup>2</sup> i s'estén des del puig d'Agulles i la Creu de l'Aragall fins aigües avall de la riera de Sant Joan o Corbera quan va cap al riu Llobregat, a l'indret de la roca del Droc. 14.168 Corbera de Llobregat C. de la Pau, 5",2019-07-02T10:16:41.233Z ,,,
54533717e57214ab3e840fe1,http://www.amb.cat/ca_ES/web/area-metropolitana/municipis-metropolitans/detall/-/municipi/cornella-de-llobregat/272976/11692,"Cornellà de Llobregat és un municipi de la comarca del Baix Llobregat situat al marge esquerre del riu Llobregat. El terme municipal limita amb els de Sant Boi de Llobregat i el Prat de Llobregat al sud, l'Hospitalet de Llobregat a l'est, Sant Joan Despí a l'oest i Esplugues de Llobregat al nord.",Mapa Badalona,,Mapa Badalona,http://www.amb.cat/documents/11696/317954/cornella_de_llobregat.jpg/ada57d03-57ee-4522-a683-64b05de0eaf0?t=1373265869000,,7,Dades estadístiques,Cornellà de Llobregat - Evolució de la població total i estrangera,Mostrar gràfic i taula,municipis,Cornellà de Llobregat - Lloc de naixement de la població,Mostrar gràfic i taula,municipis,Població,,Cornellà de Llobregat - Evolució afiliació Seguretat Social ,Mostrar gràfic i taula,municipis,Cornellà de Llobregat - Evolució de la taxa d'atur,Mostrar gràfic i taula,municipis,Activitat econòmica,,Cornellà de Llobregat - Edificis segons any de construcció,Mostrar gràfic i taula,municipis,Cornellà de Llobregat - Habitatges acabats i iniciats ,Mostrar gràfic i taula,municipis,Edificis i habitatges,,Cornellà de Llobregat - Evolució de l'ocupació per ús del sòl,Mostrar gràfic i taula,municipis,Sòl,,Cornellà de Llobregat - Evolució del percentatge vots,Mostrar gràfic i taula,municipis,Eleccions municipals 2019,,http://www.cornella.cat/,ca_ES,272976,Cornellà de Llobregat,Àrea metropolitana,2.07309198379517,41.3562622070313,,,86.072,Cornellà de Llobregat,8940,,"Plaça de l'Església, 1",93 377 02 12,,"Cornellà de Llobregat Cornellà de Llobregat és un municipi de la comarca del Baix Llobregat situat al marge esquerre del riu Llobregat. El terme municipal limita amb els de Sant Boi de Llobregat i el Prat de Llobregat al sud, l'Hospitalet de Llobregat a l'est, Sant Joan Despí a l'oest i Esplugues de Llobregat al nord. 86.072 Cornellà de Llobregat Plaça de l'Església, 1",2019-07-02T10:17:50.630Z ,,,
54533717e57214ab3e840fe3,http://www.amb.cat/ca_ES/web/area-metropolitana/municipis-metropolitans/detall/-/municipi/gava/273093/11692,"Gavà és una ciutat situada a pocs quilòmetres de Barcelona i de l'aeroport. S'estén des de les platges meridionals del delta del Llobregat fins a la serra de Ponent, els darrers contraforts del massís del Garraf. La ciutat de Gavà (9 metres d'altitud) és al pla, sota la serra de les Ferreres (134 m). Limita a llevant amb els termes de Sant Climent i Viladecans per l'avinguda de la riera de Sant Llorenç i a ponent amb el de Castelldefels.",Mapa Gavà,,Mapa Gavà,http://www.amb.cat/documents/11696/317954/gava.jpg/9a3988bd-dd62-461e-a214-86d6951ac199?t=1373265867000,,"30,8",Dades estadístiques,Gavà - Evolució de la població total i estrangera,Mostrar gràfic i taula,municipis,Gavà - Lloc de naixement de la població,Mostrar gràfic i taula,municipis,Territori,,Gavà - Evolució afiliació Seguretat Social ,Mostrar gràfic i taula,municipis,Gavà - Evolució de la taxa d'atur,Mostrar gràfic i taula,municipis,Activitat econòmica,,Gavà - Edificis segons any de construcció,Mostrar gràfic i taula,municipis,Gavà - Habitatges acabats i iniciats ,Mostrar gràfic i taula,municipis,Edificis i habitatges,,Gavà - Evolució de l'ocupació per ús del sòl,Mostrar gràfic i taula,municipis,Sòl,,Gavà - Evolució del percentatge vots,Mostrar gràfic i taula,municipis,Eleccions municipals 2019,,http://www.gavaciutat.cat/,ca_ES,273093,Gavà,Àrea metropolitana,2.0024299621582,41.3033447265625,,,46.488,Gavà,8850,,"Plaça de Jaume Balmes, s/n",93 263 91 00,,"Gavà Gavà és una ciutat situada a pocs quilòmetres de Barcelona i de l'aeroport. S'estén des de les platges meridionals del delta del Llobregat fins a la serra de Ponent, els darrers contraforts del massís del Garraf. La ciutat de Gavà (9 metres d'altitud) és al pla, sota la serra de les Ferreres (134 m). Limita a llevant amb els termes de Sant Climent i Viladecans per l'avinguda de la riera de Sant Llorenç i a ponent amb el de Castelldefels. 46.488 Gavà Plaça de Jaume Balmes, s/n",2019-07-02T10:20:04.138Z ,,,
54533718e57214ab3e840fe5,http://www.amb.cat/ca_ES/web/area-metropolitana/municipis-metropolitans/detall/-/municipi/el-papiol/273338/11692,"El Papiol és una vila i municipi de la comarca del Baix Llobregat, que s'estén entre els darrers contraforts de la serra de Collserola, el riu Llobregat i la riera de Rubí. La major part del terme és accidentada, amb el punt més alt al cim del puig Madrona, de 336 m, i una gran secció forma part del parc de Collserola.",Mapa El Papiol,,Mapa El Papiol,http://www.amb.cat/documents/11696/317954/el_papiol.jpg/cb02cdea-5785-4710-9f01-c93a952ff843?t=1373265869000,,9,Dades estadístiques,El Papiol - Evolució de la població total i estrangera,Mostrar gràfic i taula,municipis,El Papiol - Lloc de naixement de la població,Mostrar gràfic i taula,municipis,Població,,El Papiol - Evolució afiliació Seguretat Social ,Mostrar gràfic i taula,municipis,El Papiol - Evolució de la taxa d'atur,Mostrar gràfic i taula,municipis,Activitat econòmica,,El Papiol - Edificis segons any de construcció,Mostrar gràfic i taula,municipis,El Papiol - Habitatges acabats i iniciats ,Mostrar gràfic i taula,municipis,Edificis i habitatges,,El Papiol - Evolució de l'ocupació per ús del sòl,Mostrar gràfic i taula,municipis,Sòl,,El Papiol - Evolució del percentatge vots,Mostrar gràfic i taula,municipis,Eleccions municipals 2019,,http://www.elpapiol.cat/,ca_ES,273338,El Papiol,Àrea metropolitana,2.00775146484375,41.4368057250977,,,4.075,El Papiol,8754,,"Av. Generalitat, 7-9",93 673 02 20,,"El Papiol El Papiol és una vila i municipi de la comarca del Baix Llobregat, que s'estén entre els darrers contraforts de la serra de Collserola, el riu Llobregat i la riera de Rubí. La major part del terme és accidentada, amb el punt més alt al cim del puig Madrona, de 336 m, i una gran secció forma part del parc de Collserola. 4.075 El Papiol Av. Generalitat, 7-9",2019-07-02T10:20:37.769Z ,,,
54533718e57214ab3e840fe7,http://www.amb.cat/ca_ES/web/area-metropolitana/municipis-metropolitans/detall/-/municipi/el-prat-de-llobregat/273504/11692,"El terme municipal del Prat de Llobregat s'estén íntegrament per la plana deltaica, entre el marge dret del riu Llobregat i l'estany del Remolar, al llarg d'un front marítim de 8 km de longitud. El Prat limita a llevant amb Barcelona (Zona Franca), al nord amb l'Hospitalet i Cornellà, al nord-oest amb Sant Boi i a ponent amb Viladecans. La banda de migdia és ocupada pel mar.",Mapa El Prat,,Mapa El Prat,http://www.amb.cat/documents/11696/317954/el_prat_de_llobregat.jpg/725e2218-5acd-4214-8224-012ad57f1f82?t=1373265868000,,"31,4",Dades estadístiques,El Prat de Llobregat - Evolució de la població total i estrangera,Mostrar gràfic i taula,municipis,El Prat de Llobregat - Lloc de naixement de la població,Mostrar gràfic i taula,municipis,Població,,El Prat de Llobregat - Evolució afiliació Seguretat Social ,Mostrar gràfic i taula,municipis,El Prat de Llobregat - Evolució de la taxa d'atur,Mostrar gràfic i taula,municipis,Activitat econòmica,,El Prat de Llobregat - Edificis segons any de construcció,Mostrar gràfic i taula,municipis,El Prat de Llobregat - Habitatges acabats i iniciats ,Mostrar gràfic i taula,municipis,Edificis i habitatges,,El Prat de Llobregat - Evolució de l'ocupació per ús del sòl,Mostrar gràfic i taula,municipis,Sòl,,El Prat de Llobregat - Evolució del percentatge vots,Mostrar gràfic i taula,municipis,Eleccions municipals 2019,,http://www.elprat.cat/,ca_ES,273504,El Prat de Llobregat,Àrea metropolitana,2.08963394165039,41.3279724121094,,,63.457,El Prat de Llobregat,8820,,"Plaça de la Vila, 1",93 379 00 50,,"El Prat de Llobregat El terme municipal del Prat de Llobregat s'estén íntegrament per la plana deltaica, entre el marge dret del riu Llobregat i l'estany del Remolar, al llarg d'un front marítim de 8 km de longitud. El Prat limita a llevant amb Barcelona (Zona Franca), al nord amb l'Hospitalet i Cornellà, al nord-oest amb Sant Boi i a ponent amb Viladecans. La banda de migdia és ocupada pel mar. 63.457 El Prat de Llobregat Plaça de la Vila, 1",2019-07-02T10:19:31.959Z ,,,
54533718e57214ab3e840fe9,http://www.amb.cat/ca_ES/web/area-metropolitana/municipis-metropolitans/detall/-/municipi/esplugues-de-llobregat/273558/11692,"Esplugues és una ciutat estratègicament situada a la regió metropolitana, amb una població de més de 47.000 habitants i amb el terme municipal més petit del Baix Llobregat.",Mapa Esplugues de Llobregat,,Mapa Esplugues de Llobregat,http://www.amb.cat/documents/11696/317954/esplugues_de_llobregat.jpg/f0406a4a-53f6-4f6d-985c-76bd49351a12?t=1373265868000,,"4,6",Dades estadístiques,Esplugues de Llobregat - Evolució de la població total i estrangera,Mostrar gràfic i taula,municipis,Esplugues de Llobregat - Lloc de naixement de la població,Mostrar gràfic i taula,municipis,Territori,,Esplugues de Llobregat - Evolució afiliació Seguretat Social ,Mostrar gràfic i taula,municipis,Esplugues de Llobregat - Evolució de la taxa d'atur,Mostrar gràfic i taula,municipis,Activitat econòmica,,Esplugues de Llobregat - Edificis segons any de construcció,Mostrar gràfic i taula,municipis,Esplugues de Llobregat - Habitatges acabats i iniciats ,Mostrar gràfic i taula,municipis,Edificis i habitatges,,Esplugues de Llobregat - Evolució de l'ocupació per ús del sòl,Mostrar gràfic i taula,municipis,Sòl,,Esplugues de Llobregat - Evolució del percentatge vots,Mostrar gràfic i taula,municipis,Eleccions municipals 2019,,http://www.esplugues.cat/,ca_ES,273558,Esplugues de Llobregat,Àrea metropolitana,2.08611488342285,41.3764877319336,,,45.733,Esplugues de Llobregat,8950,,"Plaça de Santa Magdalena, 5-6",93 371 33 50,,"Esplugues de Llobregat Esplugues és una ciutat estratègicament situada a la regió metropolitana, amb una població de més de 47.000 habitants i amb el terme municipal més petit del Baix Llobregat. 45.733 Esplugues de Llobregat Plaça de Santa Magdalena, 5-6",2019-07-02T10:21:09.234Z ,,,
54533718e57214ab3e840fed,http://www.amb.cat/ca_ES/web/area-metropolitana/municipis-metropolitans/detall/-/municipi/la-palma-de-cervello/273644/11692,"El municipi de la Palma de Cervelló es troba situat a l'esquerra de la riera de la Palma o de Rafamans, afluent per l'esquerra de la de Cervelló, que neix al puig de les Agulles, dins el terme de Corbera de Llobregat. El poble es va formar al llarg de la carretera que duu a Corbera de Llobregat. El 1857 es va integrar a Cervelló. Es va constituir com a municipi entre 1937 i 1939. El 1998 es va desagregar definitivament de Cervelló.",Mapa La Palma de Cervelló,,Mapa La Palma de Cervelló,http://www.amb.cat/documents/11696/317954/la_palma_de_cervello.jpg/7249b176-9617-4ae9-af07-c320aa9e85a7?t=1373265867000,,"8,2",Dades estadístiques,La Palma de Cervelló - Evolució de la població total i estrangera,Mostrar gràfic i taula,municipis,La Palma de Cervelló - Lloc de naixement de la població,Mostrar gràfic i taula,municipis,Població,,La Palma de Cervelló - Evolució afiliació Seguretat Social ,Mostrar gràfic i taula,municipis,La Palma de Cervelló - Evolució de la taxa d'atur,Mostrar gràfic i taula,municipis,Activitat econòmica,,La Palma de Cervelló - Evolució de l'ocupació per ús del sòl,Mostrar gràfic i taula,municipis,Sòl,,La Palma de Cervelló - Edificis segons any de construcció,Mostrar gràfic i taula,municipis,La Palma de Cervelló - Habitatges acabats i iniciats ,Mostrar gràfic i taula,municipis,Edificis i habitatges,,La Palma de Cervelló - Evolució del percentatge vots,Mostrar gràfic i taula,municipis,Eleccions municipals 2019,,http://www.lapalma.diba.es/,ca_ES,273644,La Palma de Cervelló,Àrea metropolitana,1.96916580200195,41.4132919311524,,,3,La Palma de Cervelló,8756,,"C. Sant Cristòfol, s/n",93 672 02 02,,"La Palma de Cervelló El municipi de la Palma de Cervelló es troba situat a l'esquerra de la riera de la Palma o de Rafamans, afluent per l'esquerra de la de Cervelló, que neix al puig de les Agulles, dins el terme de Corbera de Llobregat. El poble es va formar al llarg de la carretera que duu a Corbera de Llobregat. El 1857 es va integrar a Cervelló. Es va constituir com a municipi entre 1937 i 1939. El 1998 es va desagregar definitivament de Cervelló. 3.000 La Palma de Cervelló C. Sant Cristòfol, s/n",2019-07-02T10:22:13.890Z ,,,
54533718e57214ab3e840fef,http://www.amb.cat/ca_ES/web/area-metropolitana/municipis-metropolitans/detall/-/municipi/montcada-i-reixac/274251/11692,"Montcada i Reixac és una vila i municipi de la comarca del Vallès Occidental. Forma part de l'àrea metropolitana de Barcelona. Limita amb els municipis de Barcelona, Cerdanyola del Vallès, Santa Coloma de Gramenet, Badalona, Ripollet, Sant Fost de Campsentelles, Mollet del Vallès i la Llagosta.",Mapa Montcada i Reixac,,Mapa Montcada i Reixac,http://www.amb.cat/documents/11696/317954/montcada_i_reixach.jpg/86b726c7-2153-45d0-a2a4-a3e81f77fd84?t=1373265866000,,"23,4",Dades estadístiques,Montcada i Reixac - Evolució de la població total i estrangera,Mostrar gràfic i taula,municipis,Molins de Rei - Lloc de naixement de la població,Mostrar gràfic i taula,municipis,Població,,Montcada i Reixac - Evolució afiliació Seguretat Social ,Mostrar gràfic i taula,municipis,Montcada i Reixac - Evolució de la taxa d'atur,Mostrar gràfic i taula,municipis,Activitat econòmica,,Montcada i Reixac - Evolució de l'ocupació per ús del sòl,Mostrar gràfic i taula,municipis,Sòl,,Montcada i Reixac - Edificis segons any de construcció,Mostrar gràfic i taula,municipis,Montcada i Reixac - Habitatges acabats i iniciats ,Mostrar gràfic i taula,municipis,Edificis i habitatges,,Montcada i Reixac - Evolució del percentatge vots,Mostrar gràfic i taula,municipis,Eleccions municipals 2019,,http://www.montcada.cat/,ca_ES,274251,Montcada i Reixac,Àrea metropolitana,2.18284606933594,41.4936637878418,,,34.802,Montcada i Reixac,8110,,"Av. de la Unitat, 6",93 572 64 74,,"Montcada i Reixac Montcada i Reixac és una vila i municipi de la comarca del Vallès Occidental. Forma part de l'àrea metropolitana de Barcelona. Limita amb els municipis de Barcelona, Cerdanyola del Vallès, Santa Coloma de Gramenet, Badalona, Ripollet, Sant Fost de Campsentelles, Mollet del Vallès i la Llagosta. 34.802 Montcada i Reixac Av. de la Unitat, 6",2019-07-02T10:01:27.243Z ,,,
54533718e57214ab3e840ff1,http://www.amb.cat/ca_ES/web/area-metropolitana/municipis-metropolitans/detall/-/municipi/montgat/274287/11692,"Montgat és el municipi més meridional de la comarca del Maresme, situat a la costa, al límit amb la comarca del Barcelonès entre Badalona i el Masnou. El nucli antic es troba situat al voltant del turó de Montgat, un petit penya-segat davant del mar creuat per la carretera i un túnel per on passa la via del tren de la costa. El terme municipal es troba accidentat pels contraforts de la serralada Litoral amb altres turons com les Guixeres (112 metres) o la Marquesa (64 metres).",Mapa Montgat,,Mapa Montgat,http://www.amb.cat/documents/11696/317954/montgat.jpg/57c4e5cf-8e2b-471a-912b-f0932fd8f4ec?t=1373265865000,,"2,9",Dades estadístiques,Montgat - Evolució de la població total i estrangera,Mostrar gràfic i taula,municipis,Montgat - Lloc de naixement de la població,Mostrar gràfic i taula,municipis,Població,,Montgat - Evolució afiliació Seguretat Social ,Mostrar gràfic i taula,municipis,Montgat - Evolució de la taxa d'atur,Mostrar gràfic i taula,municipis,Activitat econòmica,,Montgat - Evolució de l'ocupació per ús del sòl,Mostrar gràfic i taula,municipis,Sòl,,Montgat - Edificis segons any de construcció,Mostrar gràfic i taula,municipis,Montgat - Habitatges acabats i iniciats ,Mostrar gràfic i taula,municipis,Edificis i habitatges,,Montgat - Evolució del percentatge vots,Mostrar gràfic i taula,municipis,Eleccions municipals 2019,,http://www.montgat.cat/,ca_ES,274287,Montgat,Àrea metropolitana,2.28301048278809,41.470386505127,,,10.621,Montgat,8390,,"Plaça de la Vila, s/n",93 469 06 96,,"Montgat Montgat és el municipi més meridional de la comarca del Maresme, situat a la costa, al límit amb la comarca del Barcelonès entre Badalona i el Masnou. El nucli antic es troba situat al voltant del turó de Montgat, un petit penya-segat davant del mar creuat per la carretera i un túnel per on passa la via del tren de la costa. El terme municipal es troba accidentat pels contraforts de la serralada Litoral amb altres turons com les Guixeres (112 metres) o la Marquesa (64 metres). 10.621 Montgat Plaça de la Vila, s/n",2019-07-02T09:54:06.918Z ,,,
54533718e57214ab3e840ff3,http://www.amb.cat/ca_ES/web/area-metropolitana/municipis-metropolitans/detall/-/municipi/palleja/274295/11692,"El terme municipal de Pallejà té una extensió de 5,3 km² i està emplaçat a la banda dreta del riu Llobregat. Limita amb Corbera de Llobregat pel nord-nord-oest, amb Sant Vicenç del Horts pel sud, amb la Palma de Cervelló i Corbera per l'oest i, a l'altra riba del riu, a l'est, amb Molins de Rei i el Papiol. El municipi forma part de la vall baixa del riu Llobregat, encaixada dins de la serralada Litoral.",Mapa Pallejà,,Mapa Pallejà,http://www.amb.cat/documents/11696/317954/palleja.jpg/a3827cdb-97ad-4f70-9e10-ba0453262e2e?t=1373265865000,,"5,3",Dades estadístiques,Pallejà - Evolució de la població total i estrangera,Mostrar gràfic i taula,municipis,Pallejà - Lloc de naixement de la població,Mostrar gràfic i taula,municipis,Població (2016),,Pallejà - Evolució afiliació Seguretat Social ,Mostrar gràfic i taula,municipis,Pallejà - Evolució de la taxa d'atur,Mostrar gràfic i taula,municipis,Activitat econòmica,,Pallejà - Edificis segons any de construcció,Mostrar gràfic i taula,municipis,Pallejà - Habitatges acabats i iniciats ,Mostrar gràfic i taula,municipis,Edificis i habitatges,,Pallejà - Evolució de l'ocupació per ús del sòl,Mostrar gràfic i taula,municipis,Sòl,,Pallejà - Evolució del percentatge vots,Mostrar gràfic i taula,municipis,Eleccions municipals 2019,,http://www.palleja.cat/,ca_ES,274295,Pallejà,Àrea metropolitana,1.99882507324219,41.4208488464355,,,11.348,Pallejà,8780,,"C. del Sol, 1",93 663 00 00,,"Pallejà El terme municipal de Pallejà té una extensió de 5,3 km² i està emplaçat a la banda dreta del riu Llobregat. Limita amb Corbera de Llobregat pel nord-nord-oest, amb Sant Vicenç del Horts pel sud, amb la Palma de Cervelló i Corbera per l'oest i, a l'altra riba del riu, a l'est, amb Molins de Rei i el Papiol. El municipi forma part de la vall baixa del riu Llobregat, encaixada dins de la serralada Litoral. 11.348 Pallejà C. del Sol, 1",2019-07-02T09:52:17.456Z ,,,
54533718e57214ab3e840ff5,http://www.amb.cat/ca_ES/web/area-metropolitana/municipis-metropolitans/detall/-/municipi/ripollet/274302/11692,"El municipi de Ripollet es troba situat a la vall baixa del riu Ripoll, abans de la confluència amb el riu Besòs, dins la Depressió Prelitoral. Limita al nord amb Barberà, a l'est i al sud-est amb Montcada i Reixac i al sud i al sud-oest amb Cerdanyola.",Mapa Ripollet,,Mapa Ripollet,http://www.amb.cat/documents/11696/317954/ripollet.jpg/34601cd1-5073-4800-8540-3874c0aca27e?t=1373265864000,,"4,3",Dades estadístiques,Ripollet - Evolució de la població total i estrangera,Mostrar gràfic i taula,municipis,Ripollet - Lloc de naixement de la població,Mostrar gràfic i taula,municipis,Població,,Ripollet - Evolució afiliació Seguretat Social ,Mostrar gràfic i taula,municipis,Ripollet - Evolució de la taxa d'atur,Mostrar gràfic i taula,municipis,Activitat econòmica,,Ripollet - Edificis segons any de construcció,Mostrar gràfic i taula,municipis,Ripollet - Habitatges acabats i iniciats ,Mostrar gràfic i taula,municipis,Edificis i habitatges,,Ripollet - Evolució de l'ocupació per ús del sòl,Mostrar gràfic i taula,municipis,Sòl,,Ripollet - Evolució del percentatge vots,Mostrar gràfic i taula,municipis,Eleccions municipals 2019,,http://ripollet.cat/,ca_ES,274302,Ripollet,Àrea metropolitana,2.15778350830078,41.4988059997559,,,37.648,Ripollet,8291,,"C. Balmes, 2",93 504 60 00,,"Ripollet El municipi de Ripollet es troba situat a la vall baixa del riu Ripoll, abans de la confluència amb el riu Besòs, dins la Depressió Prelitoral. Limita al nord amb Barberà, a l'est i al sud-est amb Montcada i Reixac i al sud i al sud-oest amb Cerdanyola. 37.648 Ripollet C. Balmes, 2",2019-07-02T09:52:58.124Z ,,,
54533718e57214ab3e840ff7,http://www.amb.cat/ca_ES/web/area-metropolitana/municipis-metropolitans/detall/-/municipi/sant-adria-de-besos/274309/11692,"Sant Adrià de Besòs és el municipi situat a la desembocadura del riu Besòs, entre els municipis de Barcelona, Santa Coloma de Gramenet i Badalona, amb els quals forma una continuïtat urbana.",Mapa Sant Adrià de Besòs,,Mapa Sant Adrià de Besòs,http://www.amb.cat/documents/11696/317954/sant_adria_del_besos.jpg/c6d91460-2f87-44de-a91b-ab3b99cfc108?t=1373265862000,,"3,8",Dades estadístiques,Sant Adrià de Besòs - Evolució de la població total i estrangera,Mostrar gràfic i taula,municipis,Sant Adrià de Besòs - Lloc de naixement de la població,Mostrar gràfic i taula,municipis,Població,,Sant Adrià de Besòs - Evolució afiliació Seguretat Social ,Mostrar gràfic i taula,municipis,Sant Adrià de Besòs - Evolució de la taxa d'atur,Mostrar gràfic i taula,municipis,Activitat econòmica,,Sant Adrià de Besòs - Evolució de l'ocupació per ús del sòl,Mostrar gràfic i taula,municipis,Sòl,,Sant Adrià de Besòs - Edificis segons any de construcció,Mostrar gràfic i taula,municipis,Sant Adrià de Besòs - Habitatges acabats i iniciats ,Mostrar gràfic i taula,municipis,Edificis i habitatges,,Sant Adrià de Besòs - Evolució del percentatge vots,Mostrar gràfic i taula,municipis,Eleccions municipals 2019,,http://www.sant-adria.net/,ca_ES,274309,Sant Adrià de Besòs,Àrea metropolitana,2.22438812255859,41.4270248413086,,,36.496,Sant Adrià de Besòs,8930,,"Plaça de la Vila, 12",93 381 20 04,,"Sant Adrià de Besòs Sant Adrià de Besòs és el municipi situat a la desembocadura del riu Besòs, entre els municipis de Barcelona, Santa Coloma de Gramenet i Badalona, amb els quals forma una continuïtat urbana. 36.496 Sant Adrià de Besòs Plaça de la Vila, 12",2019-07-02T10:02:45.555Z ,,,
54533718e57214ab3e840ff9,http://www.amb.cat/ca_ES/web/area-metropolitana/municipis-metropolitans/detall/-/municipi/sant-andreu-de-la-barca/274316/11692,"Sant Andreu de la Barca és ubicat a la zona nord de la comarca del Baix Llobregat i de l'àrea metropolitana de Barcelona. És rodejat dels municipis de Corbera de Llobregat, Castellbisbal, Castellví de Rosanes i Martorell.",Mapa Sant Andreu de la Barca,,Mapa Sant Andreu de la Barca,http://www.amb.cat/documents/11696/317954/sant_andreu_de_la_barca.jpg/9f5b21c0-6e0e-4cbb-9410-a3565447dfe7?t=1373265861000,,"5,5",Dades estadístiques,Sant Andreu de la Barca - Evolució de la població total i estrangera,Mostrar gràfic i taula,municipis,Sant Andreu de la Barca - Lloc de naixement de la població,Mostrar gràfic i taula,municipis,Població,,Sant Andreu de la Barca - Evolució afiliació Seguretat Social ,Mostrar gràfic i taula,municipis,Sant Andreu de la Barca - Evolució de la taxa d'atur,Mostrar gràfic i taula,municipis,Activitat econòmica,,Sant Andreu de la Barca - Evolució de l'ocupació per ús del sòl,Mostrar gràfic i taula,municipis,Sòl,,Sant Andreu de la Barca - Edificis segons any de construcció,Mostrar gràfic i taula,municipis,Sant Andreu de la Barca - Habitatges acabats i iniciats ,Mostrar gràfic i taula,municipis,Edificis i habitatges,,Sant Andreu de la Barca - Evolució del percentatge vots,Mostrar gràfic i taula,municipis,Eleccions municipals 2019,,http://www.sabarca.cat/,ca_ES,274316,Sant Andreu de la Barca,Àrea metropolitana,1.9720458984375,41.4483871459961,,,27.434,Sant Andreu de la Barca,8740,,"Plaça de l'Ajuntament, 1",93 635 64 00,,"Sant Andreu de la Barca Sant Andreu de la Barca és ubicat a la zona nord de la comarca del Baix Llobregat i de l'àrea metropolitana de Barcelona. És rodejat dels municipis de Corbera de Llobregat, Castellbisbal, Castellví de Rosanes i Martorell. 27.434 Sant Andreu de la Barca Plaça de l'Ajuntament, 1",2019-07-02T10:06:55.520Z ,,,
54533719e57214ab3e840ffb,http://www.amb.cat/ca_ES/web/area-metropolitana/municipis-metropolitans/detall/-/municipi/sant-boi-de-llobregat/274327/11692,"Sant Boi de Llobregat és una vila i municipi de la comarca del Baix Llobregat. Situat a l'inici del delta, a l'est de la localitat s'hi troba el riu Llobregat, que el separa de Sant Joan Despí i Cornellà de Llobregat, al nord-oest la muntanya de Sant Ramon i el poble de Sant Climent de Llobregat, al sud el Prat de Llobregat i a l'oest el terme de Viladecans.",Mapa Sant Boi de Llobregat,,Mapa Sant Boi de Llobregat,http://www.amb.cat/documents/11696/317954/sant_boi_de_llobregat.jpg/cf50f1f6-0469-4932-a859-224cfa663f51?t=1373265860000,,"21,5",Dades estadístiques,Sant Boi de Llobregat - Evolució de la població total i estrangera,Mostrar gràfic i taula,municipis,Sant Boi de Llobregat - Lloc de naixement de la població,Mostrar gràfic i taula,municipis,Població,,Sant Boi de Llobregat - Evolució afiliació Seguretat Social ,Mostrar gràfic i taula,municipis,Sant Boi de Llobregat - Evolució de la taxa d'atur,Mostrar gràfic i taula,municipis,Activitat econòmica,,Sant Boi de Llobregat - Evolució de l'ocupació per ús del sòl,Mostrar gràfic i taula,municipis,Sòl,,Sant Boi de Llobregat - Edificis segons any de construcció,Mostrar gràfic i taula,municipis,Sant Boi de Llobregat - Habitatges acabats i iniciats ,Mostrar gràfic i taula,municipis,Edificis i habitatges,,Sant Boi de Llobregat - Evolució del percentatge vots,Mostrar gràfic i taula,municipis,Eleccions municipals 2019,,http://www.santboi.cat/,ca_ES,274327,Sant Boi de Llobregat,Àrea metropolitana,2.03315734863281,41.3458862304688,,,82.402,Sant Boi de Llobregat,8830,,"Plaça de l'Ajuntament, 1",93 635 12 00,,"Sant Boi de Llobregat Sant Boi de Llobregat és una vila i municipi de la comarca del Baix Llobregat. Situat a l'inici del delta, a l'est de la localitat s'hi troba el riu Llobregat, que el separa de Sant Joan Despí i Cornellà de Llobregat, al nord-oest la muntanya de Sant Ramon i el poble de Sant Climent de Llobregat, al sud el Prat de Llobregat i a l'oest el terme de Viladecans. 82.402 Sant Boi de Llobregat Plaça de l'Ajuntament, 1",2019-07-02T10:03:32.171Z ,,,
54533719e57214ab3e840ffd,http://www.amb.cat/ca_ES/web/area-metropolitana/municipis-metropolitans/detall/-/municipi/sant-climent-de-llobregat/274336/11692,"La vila de Sant Climent de Llobregat es troba situada a la vall de les rieres de les Comes, del Querol i de Salom, a només 15 km de Barcelona. Està envoltada per les muntanyes de Sant Ramon, Pedres Blanques, Costa Fustera, Coll de la Creu i el Padró.",Mapa Sant Climent de Llobregat,,Mapa Sant Climent de Llobregat,http://www.amb.cat/documents/11696/317954/sant_climent_de_llobregat.jpg/452c6a8b-cfce-4c8f-9074-37328ee2f252?t=1373265859000,,"10,8",Dades estadístiques,Sant Climent de Llobregat - Evolució de la població total i estrangera,Mostrar gràfic i taula,municipis,Sant Climent de Llobregat - Lloc de naixement de la població,Mostrar gràfic i taula,municipis,Població,,Sant Climent de Llobregat - Evolució afiliació Seguretat Social ,Mostrar gràfic i taula,municipis,Sant Climent de Llobregat - Evolució de la taxa d'atur,Mostrar gràfic i taula,municipis,Activitat econòmica,,Sant Climent de Llobregat - Evolució de l'ocupació per ús del sòl,Mostrar gràfic i taula,municipis,,,,Sòl,,Sant Climent de Llobregat - Edificis segons any de construcció,Mostrar gràfic i taula,municipis,Sant Climent de Llobregat - Habitatges acabats i iniciats ,Mostrar gràfic i taula,municipis,Edificis i habitatges,,Sant Climent de Llobregat - Evolució del percentatge vots,Mostrar gràfic i taula,municipis,Eleccions municipals 2019,,http://www.santclimentdellobregat.cat/,ca_ES,274336,Sant Climent de Llobregat,Àrea metropolitana,1.9965934753418,41.337833404541,,,4.024,Sant Climent de Llobregat,8849,,"Plaça de la Vila, 1",93 658 07 91,,"Sant Climent de Llobregat La vila de Sant Climent de Llobregat es troba situada a la vall de les rieres de les Comes, del Querol i de Salom, a només 15 km de Barcelona. Està envoltada per les muntanyes de Sant Ramon, Pedres Blanques, Costa Fustera, Coll de la Creu i el Padró. 4.024 Sant Climent de Llobregat Plaça de la Vila, 1",2019-07-02T10:05:09.713Z 
54533719e57214ab3e840fff,http://www.amb.cat/ca_ES/web/area-metropolitana/municipis-metropolitans/detall/-/municipi/sant-cugat-del-valles/274343/11692,"Sant Cugat del Vallès és un municipi de la comarca del Vallès Occidental estès als vessants nord-occidentals de la serra de Collserola fins a l'inici de la Depressió Prelitoral. Inclou l'entitat municipal descentralitzada de Valldoreix i els districtes de Mira-sol, la Floresta i les Planes.",Mapa Sant Cugat del Vallès,,Mapa Sant Cugat del Vallès,http://www.amb.cat/documents/11696/317954/sant_cugat_del_valles.jpg/fcd601cd-8e85-4a84-b653-8683bc1e7ceb?t=1373265859000,,"48,2",Dades estadístiques,Sant Cugat del Vallès - Evolució de la població total i estrangera,Mostrar gràfic i taula,municipis,Sant Cugat del Vallès - Lloc de naixement de la població,Mostrar gràfic i taula,municipis,Població,,Sant Cugat del Vallès - Evolució afiliació Seguretat Social ,Mostrar gràfic i taula,municipis,Sant Cugat del Vallès - Evolució de la taxa d'atur,Mostrar gràfic i taula,municipis,Activitat econòmica,,Sant Feliu de Llobregat - Evolució de l'ocupació per ús del sòl,Mostrar gràfic i taula,municipis,,,,Sòl,,Sant Cugat del Vallès - Edificis segons any de construcció,Mostrar gràfic i taula,municipis,Sant Cugat del Vallès - Habitatges acabats i iniciats ,Mostrar gràfic i taula,municipis,Edificis i habitatges,,Sant Cugat del Vallès - Evolució del percentatge vots,Mostrar gràfic i taula,municipis,Eleccions municipals 2019,,http://www.santcugat.cat/,ca_ES,274343,Sant Cugat del Vallès,Àrea metropolitana,2.08259582519531,41.4736022949219,,,88.921,Sant Cugat del Vallès,8190,,"Plaça de la Vila, 1",93 565 70 00,,"Sant Cugat del Vallès Sant Cugat del Vallès és un municipi de la comarca del Vallès Occidental estès als vessants nord-occidentals de la serra de Collserola fins a l'inici de la Depressió Prelitoral. Inclou l'entitat municipal descentralitzada de Valldoreix i els districtes de Mira-sol, la Floresta i les Planes. 88.921 Sant Cugat del Vallès Plaça de la Vila, 1",2019-07-02T09:59:50.432Z 
54533719e57214ab3e841001,http://www.amb.cat/ca_ES/web/area-metropolitana/municipis-metropolitans/detall/-/municipi/sant-feliu-de-llobregat/274350/11692,"Sant Feliu de Llobregat és la capital de la comarca del Baix Llobregat. Està situada al marge esquerre del riu Llobregat i el seu terme municipal limita amb els de Barcelona, Sant Cugat del Vallès i Sant Just Desvern a l'est, Molins de Rei al nord, Sant Vicenç dels Horts i Santa Coloma de Cervelló a l'oest i Sant Joan Despí al sud.",Mapa Sant Feliu de Llobregat,,Mapa Sant Feliu de Llobregat,http://www.amb.cat/documents/11696/317954/sant_feliu_de_llobregat.jpg/092af493-0e07-4aab-8110-21a7bf742279?t=1373265858000,,"11,8",Dades estadístiques,Sant Feliu de Llobregat - Evolució de la població total i estrangera,Mostrar gràfic i taula,municipis,Sant Feliu de Llobregat - Lloc de naixement de la població,Mostrar gràfic i taula,municipis,Població,,Sant Feliu de Llobregat - Evolució afiliació Seguretat Social ,Mostrar gràfic i taula,municipis,Sant Feliu de Llobregat - Evolució de la taxa d'atur,Mostrar gràfic i taula,municipis,Activitat econòmica,,Sant Feliu de Llobregat - Evolució de l'ocupació per ús del sòl,Mostrar gràfic i taula,municipis,Sòl,,Sant Feliu de Llobregat - Edificis segons any de construcció,Mostrar gràfic i taula,municipis,Sant Feliu de Llobregat - Habitatges acabats i iniciats ,Mostrar gràfic i taula,municipis,Edificis i habitatges,,Sant Feliu de Llobregat - Evolució del percentatge vots,Mostrar gràfic i taula,municipis,Eleccions municipals 2019,,http://www.santfeliu.cat/,ca_ES,274350,Sant Feliu de Llobregat,Àrea metropolitana,2.04860687255859,41.3845367431641,,,44.086,Sant Feliu de Llobregat,8980,,"Plaça de la Vila, 1",93 685 80 00,,"Sant Feliu de Llobregat Sant Feliu de Llobregat és la capital de la comarca del Baix Llobregat. Està situada al marge esquerre del riu Llobregat i el seu terme municipal limita amb els de Barcelona, Sant Cugat del Vallès i Sant Just Desvern a l'est, Molins de Rei al nord, Sant Vicenç dels Horts i Santa Coloma de Cervelló a l'oest i Sant Joan Despí al sud. 44.086 Sant Feliu de Llobregat Plaça de la Vila, 1",2019-07-02T10:00:23.447Z ,,,
54533719e57214ab3e841003,http://www.amb.cat/ca_ES/web/area-metropolitana/municipis-metropolitans/detall/-/municipi/sant-joan-despi/274359/11692,"Sant Joan Despí és un municipi de la comarca del Baix Llobregat que forma part de l'àrea metropolitana de Barcelona. Està situat al pla del Llobregat, a l'esquerra de la part baixa del riu. El municipi confronta amb els de Sant Just Desvern al nord i amb Esplugues de Llobregat a l'est. Al sud-est el barri de les Planes forma un continu urbà amb Cornellà de Llobregat. Al sud-oest limita amb Sant Boi de Llobregat, a l'oest amb Sant Coloma de Cervelló pel curs de riu i al nord-oest amb Sant Feliu de Llobregat.",Mapa Sant Joan Despí,,Mapa Sant Joan Despí,http://www.amb.cat/documents/11696/317954/sant_joan_despi.jpg/c3caa6d2-fe09-4d33-a501-a5cadf277baf?t=1373265858000,,"5,6",Dades estadístiques,Sant Joan Despí - Evolució de la població total i estrangera,Mostrar gràfic i taula,municipis,Sant Joan Despí - Lloc de naixement de la població,Mostrar gràfic i taula,municipis,Població,,Sant Joan Despí - Evolució afiliació Seguretat Social ,Mostrar gràfic i taula,municipis,Sant Joan Despí - Evolució de la taxa d'atur,Mostrar gràfic i taula,municipis,Activitat econòmica,,Sant Joan Despí - Evolució de l'ocupació per ús del sòl,Mostrar gràfic i taula,municipis,Sòl,,Sant Joan Despí - Edificis segons any de construcció,Mostrar gràfic i taula,municipis,Sant Joan Despí - Habitatges acabats i iniciats ,Mostrar gràfic i taula,municipis,Edificis i habitatges,,Sant Joan Despí - Evolució del percentatge vots,Mostrar gràfic i taula,municipis,Eleccions municipals 2019,,http://www.sjdespi.com/,ca_ES,274359,Sant Joan Despí,Àrea metropolitana,2.05787658691406,41.3672752380371,,,33.502,Sant Joan Despí,8970,,"Camí del Mig, 9",93 480 60 00,,"Sant Joan Despí Sant Joan Despí és un municipi de la comarca del Baix Llobregat que forma part de l'àrea metropolitana de Barcelona. Està situat al pla del Llobregat, a l'esquerra de la part baixa del riu. El municipi confronta amb els de Sant Just Desvern al nord i amb Esplugues de Llobregat a l'est. Al sud-est el barri de les Planes forma un continu urbà amb Cornellà de Llobregat. Al sud-oest limita amb Sant Boi de Llobregat, a l'oest amb Sant Coloma de Cervelló pel curs de riu i al nord-oest amb Sant Feliu de Llobregat. 33.502 Sant Joan Despí Camí del Mig, 9",2019-07-02T10:05:51.661Z ,,,
54533719e57214ab3e841005,http://www.amb.cat/ca_ES/web/area-metropolitana/municipis-metropolitans/detall/-/municipi/sant-just-desvern/274368/11692,"Sant Just Desvern és un municipi que es troba situat als vessants sud-occidentals de la serra de Collserola. Limita al nord amb Barcelona (antic terme de Vallvidrera), a l'oest amb Sant Feliu de Llobregat (en part, antic terme de Santa Creu d'Olorda), al sud amb Sant Joan Despí i Esplugues de Llobregat i a l'est amb Esplugues de Llobregat i Barcelona (en part, antic terme de Sant Vicenç de Sarrià).",Mapa Sant Just Desvern,,Mapa Sant Just Desvern,http://www.amb.cat/documents/11696/317954/sant_just_desvern.jpg/b4ba5b8b-2e2a-40ca-84de-ecb92783cd32?t=1373265857000,,"7,8",Dades estadístiques,Sant Just Desvern - Evolució de la població total i estrangera,Mostrar gràfic i taula,municipis,Sant Just Desvern - Lloc de naixement de la població,Mostrar gràfic i taula,municipis,Població,,Sant Just Desvern - Evolució afiliació Seguretat Social ,Mostrar gràfic i taula,municipis,Sant Just Desvern - Evolució de la taxa d'atur,Mostrar gràfic i taula,municipis,Activitat econòmica,,Sant Just Desvern - Evolució de l'ocupació per ús del sòl,,municipis,Sòl,,Sant Just Desvern - Edificis segons any de construcció,Mostrar gràfic i taula,municipis,Sant Just Desvern - Habitatges acabats i iniciats ,Mostrar gràfic i taula,municipis,Edificis i habitatges,,Sant Just Desvern - Evolució del percentatge vots,Mostrar gràfic i taula,municipis,Eleccions municipals 2019,,http://www.santjust.cat/,ca_ES,274368,Sant Just Desvern,Àrea metropolitana,2.06663131713867,41.3833770751953,,,16.927,Sant Just Desvern,8960,,"Plaça Verdaguer, 2",93 480 48 00,,"Sant Just Desvern Sant Just Desvern és un municipi que es troba situat als vessants sud-occidentals de la serra de Collserola. Limita al nord amb Barcelona (antic terme de Vallvidrera), a l'oest amb Sant Feliu de Llobregat (en part, antic terme de Santa Creu d'Olorda), al sud amb Sant Joan Despí i Esplugues de Llobregat i a l'est amb Esplugues de Llobregat i Barcelona (en part, antic terme de Sant Vicenç de Sarrià). 16.927 Sant Just Desvern Plaça Verdaguer, 2",2019-07-02T10:01:58.974Z ,,,
54533719e57214ab3e841007,http://www.amb.cat/ca_ES/web/area-metropolitana/municipis-metropolitans/detall/-/municipi/sant-vicenc-dels-horts/274375/11692,"El municipi de Sant Vicenç dels Horts es troba situat a la riba dreta del riu Llobregat, que a l'est el separa de Molins de Rei i Sant Feliu de Llobregat. Limita a l'oest amb les muntanyes de la serralada Litoral; al sud, amb la muntanya de Sant Antoni, que fa de frontera amb Torrelles de Llobregat i Santa Coloma de Cervelló, i al nord, amb la riera de Cervelló i el poble de Pallejà.",Mapa Sant Vicenç dels Horts,,Mapa Sant Vicenç dels Horts,http://www.amb.cat/documents/11696/317954/sant_vicen%C3%A7_dels_horts.jpg/42c4a836-bfaf-4f41-b5c1-5f721327d709?t=1373265856000,,"9,1",Dades estadístiques,Sant Vicenç dels Horts - Evolució de la població total i estrangera,Mostrar gràfic i taula,municipis,Sant Vicenç dels Horts - Lloc de naixement de la població,Mostrar gràfic i taula,municipis,Població,,Sant Vicenç dels Horts - Evolució afiliació Seguretat Social ,Mostrar gràfic i taula,municipis,Sant Vicenç dels Horts - Evolució de la taxa d'atur,Mostrar gràfic i taula,municipis,Activitat econòmica,,Sant Vicenç dels Horts - Evolució de l'ocupació per ús del sòl,Mostrar gràfic i taula,municipis,Sòl,,Sant Vicenç dels Horts - Edificis segons any de construcció,Mostrar gràfic i taula,municipis,Sant Vicenç dels Horts - Habitatges acabats i iniciats ,Mostrar gràfic i taula,municipis,Edificis i habitatges,,Sant Vicenç dels Horts - Evolució del percentatge vots,Mostrar gràfic i taula,municipis,Eleccions municipals 2019,,http://www.svh.cat/,ca_ES,274375,Sant Vicenç dels Horts,Àrea metropolitana,2.00260162353516,41.3904609680176,,,27.961,Sant Vicenç dels Horts,8620,,"Plaça de la Vila, 1",902 515 100,,"Sant Vicenç dels Horts El municipi de Sant Vicenç dels Horts es troba situat a la riba dreta del riu Llobregat, que a l'est el separa de Molins de Rei i Sant Feliu de Llobregat. Limita a l'oest amb les muntanyes de la serralada Litoral; al sud, amb la muntanya de Sant Antoni, que fa de frontera amb Torrelles de Llobregat i Santa Coloma de Cervelló, i al nord, amb la riera de Cervelló i el poble de Pallejà. 27.961 Sant Vicenç dels Horts Plaça de la Vila, 1",2019-07-02T10:06:24.962Z ,,,
54533719e57214ab3e841009,http://www.amb.cat/ca_ES/web/area-metropolitana/municipis-metropolitans/detall/-/municipi/santa-coloma-de-cervello/274382/11692,"El municipi de Santa Coloma de Cervelló, a la comarca del Baix Llobregat, està situat a la vall baixa del Llobregat, a la riba dreta del riu, i a la falda de la muntanya de Sant Antoni, que s'estén fins als contraforts orientals del massís del Garraf.",Mapa Santa Coloma de Cervelló,,Mapa Santa Coloma de Cervelló,http://www.amb.cat/documents/11696/317954/santa_coloma_de_cervello.jpg/78668d13-511f-49c7-a414-3f3fece594bf?t=1373265862000,,"7,5",Dades estadístiques,Santa Coloma de Cervelló - Evolució de la població total i estrangera,Mostrar gràfic i taula,municipis,Santa Coloma de Cervelló - Lloc de naixement de la població,Mostrar gràfic i taula,municipis,Població,,Santa Coloma de Cervelló - Evolució afiliació Seguretat Social ,Mostrar gràfic i taula,municipis,Santa Coloma de Cervelló - Evolució de la taxa d'atur,Mostrar gràfic i taula,municipis,Activitat econòmica,,Santa Coloma de Gramenet - Evolució de l'ocupació per ús del sòl,Mostrar gràfic i taula,municipis,Sòl,,Santa Coloma de Cervelló - Edificis segons any de construcció,Mostrar gràfic i taula,municipis,Santa Coloma de Cervelló - Habitatges acabats i iniciats ,Mostrar gràfic i taula,municipis,Edificis i habitatges,,Santa Coloma de Cervelló - Evolució del percentatge vots,Mostrar gràfic i taula,municipis,Eleccions municipals 2019,,http://www.santacolomadecervello.cat/,ca_ES,274382,Santa Coloma de Cervelló,Àrea metropolitana,2.0189094543457,41.3676605224609,,,8.073,Santa Coloma de Cervelló,8690,,"C. Pau Casals, 26-34",93 645 07 00,,"Santa Coloma de Cervelló El municipi de Santa Coloma de Cervelló, a la comarca del Baix Llobregat, està situat a la vall baixa del Llobregat, a la riba dreta del riu, i a la falda de la muntanya de Sant Antoni, que s'estén fins als contraforts orientals del massís del Garraf. 8.073 Santa Coloma de Cervelló C. Pau Casals, 26-34",2019-07-02T09:54:41.522Z ,,,
54533719e57214ab3e84100b,http://www.amb.cat/ca_ES/web/area-metropolitana/municipis-metropolitans/detall/-/municipi/santa-coloma-de-gramenet/274389/11692,"Santa Coloma de Gramenet està situada entre Badalona, Sant Adrià de Besòs i Montcada i Reixac i està separada de Barcelona pel riu Besòs. Molt pròxima a la Ciutat Comtal, des de la plaça de la Vila de Santa Coloma fins a la plaça de Catalunya de Barcelona només hi ha 8 quilòmetres.",Mapa Santa Coloma de Gramenet,,Mapa Santa Coloma de Gramenet,http://www.amb.cat/documents/11696/317954/santa_coloma_de_gramenet.jpg/7740548f-db50-48f7-9053-02cc60b1f5b4?t=1373265862000,,7,Dades estadístiques,Santa Coloma de Gramenet - Evolució de la població total i estrangera,Mostrar gràfic i taula,municipis,Santa Coloma de Gramenet - Lloc de naixement de la població,Mostrar gràfic i taula,municipis,Població,,Santa Coloma de Gramenet - Evolució afiliació Seguretat Social ,Mostrar gràfic i taula,municipis,Santa Coloma de Gramenet - Evolució de la taxa d'atur,Mostrar gràfic i taula,municipis,Activitat econòmica,,Santa Coloma de Gramenet - Evolució de l'ocupació per ús del sòl,Mostrar gràfic i taula,municipis,Sòl,,Santa Coloma de Gramenet - Edificis segons any de construcció,Mostrar gràfic i taula,municipis,Santa Coloma de Gramenet - Habitatges acabats i iniciats ,Mostrar gràfic i taula,municipis,Edificis i habitatges,,Santa Coloma de Gramenet - Evolució del percentatge vots,Mostrar gràfic i taula,municipis,Eleccions municipals 2019,,http://www.gramenet.cat,ca_ES,274389,Santa Coloma de Gramenet,Àrea metropolitana,2.20756530761719,41.4450416564941,,,117.153,Santa Coloma de Gramenet,8921,,"Plaça de la Vila, s/n",93 462 40 00,,"Santa Coloma de Gramenet Santa Coloma de Gramenet està situada entre Badalona, Sant Adrià de Besòs i Montcada i Reixac i està separada de Barcelona pel riu Besòs. Molt pròxima a la Ciutat Comtal, des de la plaça de la Vila de Santa Coloma fins a la plaça de Catalunya de Barcelona només hi ha 8 quilòmetres. 117.153 Santa Coloma de Gramenet Plaça de la Vila, s/n",2019-07-02T10:00:52.483Z ,,,
54533719e57214ab3e84100d,http://www.amb.cat/ca_ES/web/area-metropolitana/municipis-metropolitans/detall/-/municipi/tiana/274436/11692,"El municipi de Tiana està situat a la serralada de Marina i a la costa de llevant de Catalunya, a la part més meridional de la comarca del Maresme, a 15 quilòmetres de Barcelona i a 20 de Mataró.",Mapa Santa Coloma de Gramenet,,Mapa Santa Coloma de Gramenet,http://www.amb.cat/documents/11696/317954/tiana.jpg/73c8bc37-5899-4144-80da-e852d32a4370?t=1373265856000,,8,Dades estadístiques,Tiana - Evolució de la població total i estrangera,Mostrar gràfic i taula,municipis,Tiana - Lloc de naixement de la població,Mostrar gràfic i taula,municipis,Població,,Tiana - Evolució afiliació Seguretat Social ,Mostrar gràfic i taula,municipis,Tiana - Evolució de la taxa d'atur,Mostrar gràfic i taula,municipis,Activitat econòmica,,Tiana - Edificis segons any de construcció,Mostrar gràfic i taula,municipis,Tiana - Habitatges acabats i iniciats ,Mostrar gràfic i taula,municipis,Edificis i habitatges,,Santa Coloma de Gramenet - Evolució de l'ocupació per ús del sòl,Mostrar gràfic i taula,municipis,,,,Sòl,,Tiana - Evolució del percentatge vots,Mostrar gràfic i taula,municipis,Eleccions municipals 2019,,http://www.tiana.cat/,ca_ES,274436,Tiana,Àrea metropolitana,2.26730346679687,41.4779739379883,,,8.553,Tiana,8391,,"Plaça de la Vila, 1",93 395 50 11,,"Tiana El municipi de Tiana està situat a la serralada de Marina i a la costa de llevant de Catalunya, a la part més meridional de la comarca del Maresme, a 15 quilòmetres de Barcelona i a 20 de Mataró. 8.553 Tiana Plaça de la Vila, 1",2019-07-02T09:55:17.217Z 
54533719e57214ab3e84100f,http://www.amb.cat/ca_ES/web/area-metropolitana/municipis-metropolitans/detall/-/municipi/torrelles-de-llobregat/274443/11692,"Torrelles de Llobregat és un municipi de la comarca del Baix Llobregat situat a la dreta del riu Llobregat, d'una superfície aproximada de 13,6 km<sup>2</sup>. Comprèn fisiogràficament una important porció dels contraforts orientals del massís del Garraf-Ordal.",Mapa Torrelles de Llobregat,,Mapa Torrelles de Llobregat,http://www.amb.cat/documents/11696/317954/torrelles_de_llobregat.jpg/bf91f1f4-618a-4555-bd13-c349a56d00d6?t=1373265855000,,"13,5",Dades estadístiques,Torrelles de Llobregat - Evolució de la població total i estrangera,Mostrar gràfic i taula,municipis,Torrelles de Llobregat - Lloc de naixement de la població,Mostrar gràfic i taula,municipis,Població,,Torrelles de Llobregat - Evolució afiliació Seguretat Social ,Mostrar gràfic i taula,municipis,Torrelles de Llobregat - Evolució de la taxa d'atur,Mostrar gràfic i taula,municipis,Activitat econòmica,,Torrelles de Llobregat - Evolució de l'ocupació per ús del sòl,Mostrar gràfic i taula,municipis,,,,Sòl,,Torrelles de Llobregat - Edificis segons any de construcció,Mostrar gràfic i taula,municipis,Torrelles de Llobregat - Habitatges acabats i iniciats ,Mostrar gràfic i taula,municipis,Edificis i habitatges,,Torrelles de Llobregat - Evolució del percentatge vots,Mostrar gràfic i taula,municipis,Eleccions municipals 2019,,http://www.torrelles.com/,ca_ES,274443,Torrelles de Llobregat,Àrea metropolitana,1.98028564453125,41.3554229736328,,,5.933,Torrelles de Llobregat,8629,,"Plaça de l'Ajuntament, 1",93 689 00 00,,"Torrelles de Llobregat Torrelles de Llobregat és un municipi de la comarca del Baix Llobregat situat a la dreta del riu Llobregat, d'una superfície aproximada de 13,6 km<sup>2</sup>. Comprèn fisiogràficament una important porció dels contraforts orientals del massís del Garraf-Ordal. 5.933 Torrelles de Llobregat Plaça de l'Ajuntament, 1",2019-07-02T10:07:28.384Z 
5453371ae57214ab3e841011,http://www.amb.cat/ca_ES/web/area-metropolitana/municipis-metropolitans/detall/-/municipi/viladecans/274452/11692,"Viladecans es troba a la comarca del Baix Llobregat, a la zona del delta del Llobregat, i se situa a tan sols 12 quilòmetres al sud del centre de Barcelona i a 2 quilòmetres de l'aeroport del Prat.",Mapa Viladecans,,Mapa Viladecans,http://www.amb.cat/documents/11696/317954/viladecans.jpg/66cc84de-5e5b-45ae-b6f0-f9f0a287ee2d?t=1373265852000,,"20,4",Dades estadístiques,Viladecans - Evolució de la població total i estrangera,Mostrar gràfic i taula,municipis,Viladecans - Lloc de naixement de la població,Mostrar gràfic i taula,municipis,Població,,Viladecans - Evolució afiliació Seguretat Social ,Mostrar gràfic i taula,municipis,Viladecans - Evolució de la taxa d'atur,Mostrar gràfic i taula,municipis,Activitat econòmica,,Viladecans - Edificis segons any de construcció,Mostrar gràfic i taula,municipis,Viladecans - Habitatges acabats i iniciats ,Mostrar gràfic i taula,municipis,Edificis i habitatges,Propera actualització any 2021,Viladecans - Evolució de l'ocupació per ús del sòl,Mostrar gràfic i taula,municipis,Sòl,,Viladecans - Evolució del percentatge vots,Mostrar gràfic i taula,municipis,Eleccions municipals 2019,,http://www.viladecans.cat,ca_ES,274452,Viladecans,Àrea metropolitana,2.01290130615234,41.3152084350586,,,65.779,Viladecans,8840,,"C. de Jaume Abril, 2",93 635 18 00,,"Viladecans Viladecans es troba a la comarca del Baix Llobregat, a la zona del delta del Llobregat, i se situa a tan sols 12 quilòmetres al sud del centre de Barcelona i a 2 quilòmetres de l'aeroport del Prat. 65.779 Viladecans C. de Jaume Abril, 2",2019-10-17T07:37:12.574Z ,,,
5453371ae57214ab3e841013,http://www.amb.cat/ca_ES/web/area-metropolitana/municipis-metropolitans/detall/-/municipi/badalona/64249/11692,"El terme municipal de Badalona limita al sud-oest, vers el Besòs, amb Sant Adrià de Besòs i a l'oest amb Santa Coloma de Gramenet, ambdós a la comarca del Barcelonès. A l'oest limita amb Montcada i Reixac, al Vallès Occidental i al nord amb Sant Fost de Campsentelles, al Vallès Oriental, amb la serralada de Marina, que exerceix de barrera natural amb aquestes localitats. Finalment al nord-est limita amb les poblacions maresmenques de Tiana i Montgat.",Mapa Badalona,,Mapa Badalona,http://www.amb.cat/documents/11696/317954/badalona.jpg/cebbe6b0-e5de-49b0-8235-4c85cd06d474?t=1373265872000,,"21,2",Dades estadístiques,Badalona - Evolució de la població total i estrangera,Mostrar gràfic i taula,municipis,Badalona - Lloc de naixement de la població,Mostrar gràfic i taula,municipis,Població,,Badalona - Evolució afiliació Seguretat Social ,Mostrar gràfic i taula,municipis,Badalona - Evolució de la taxa d'atur,Mostrar gràfic i taula,municipis,Activitat econòmica,,Badalona - Edificis segons any de construcció,Mostrar gràfic i taula,municipis,Badalona - Habitatges acabats i iniciats ,Mostrar gràfic i taula,municipis,Edificis i habitatges,,Badalona - Evolució de l'ocupació per ús del sòl,Mostrar gràfic i taula,municipis,Sòl,,Badalona - Evolució del percentatge vots,Mostrar gràfic i taula,municipis,Eleccions municipals 2019,,http://badalona.cat,ca_ES,64249,Badalona,Àrea metropolitana,2.24749994277954,41.4500007629395,,,215.634,Badalona,8912,,"Plaça de la Vila, 1",93 483 29 20,,"Badalona El terme municipal de Badalona limita al sud-oest, vers el Besòs, amb Sant Adrià de Besòs i a l'oest amb Santa Coloma de Gramenet, ambdós a la comarca del Barcelonès. A l'oest limita amb Montcada i Reixac, al Vallès Occidental i al nord amb Sant Fost de Campsentelles, al Vallès Oriental, amb la serralada de Marina, que exerceix de barrera natural amb aquestes localitats. Finalment al nord-est limita amb les poblacions maresmenques de Tiana i Montgat. 215.634 Badalona Plaça de la Vila, 1",2019-07-02T10:12:45.204Z ,,,
5453371ae57214ab3e841015,http://www.amb.cat/ca_ES/web/area-metropolitana/municipis-metropolitans/detall/-/municipi/barcelona/64264/11692,"El municipi creix sobre una plana encaixada entre la serralada Litoral, el mar Mediterrani, el riu Besòs i la muntanya de Montjuïc. La ciutat acull les seus de les institucions d'autogovern més importants de Catalunya: la Generalitat de Catalunya i el Parlament de Catalunya. Per haver estat capital del Comtat de Barcelona, rep sovint el sobrenom de Ciutat Comtal.",Mapa Barcelona,,Mapa Barcelona,http://www.amb.cat/documents/11696/317954/barcelona.jpg/08536eb0-3bdb-4e13-89d3-0f0031e1fb88?t=1373265871000,,"100,3",Dades estadístiques,Barcelona - Evolució de la població total i estrangera,Mostrar gràfic i taula,municipis,Barcelona - Lloc de naixement de la població,Mostrar gràfic i taula,municipis,Població,,Barcelona - Evolució afiliació Seguretat Social ,Mostrar gràfic i taula,municipis,Barcelona - Evolució de la taxa d'atur,Mostrar gràfic i taula,municipis,Activitat econòmica,,Barcelona - Edificis segons any de construcció,Mostrar gràfic i taula,municipis,Barcelona - Habitatges acabats i iniciats ,Mostrar gràfic i taula,municipis,Edificis i habitatges,,Barcelona - Evolució de l'ocupació per ús del sòl,Mostrar gràfic i taula,municipis,Sòl,,Barcelona - Evolució del percentatge vots,Mostrar gràfic i taula,municipis,Eleccions municipals 2019,,http://www.bcn.cat,ca_ES,64264,Barcelona,Àrea metropolitana,2.17694401741028,41.3824996948242,,,1.608.746,Barcelona,8002,,"Plaça de Sant Jaume, 1",93 402 70 00,,"Barcelona El municipi creix sobre una plana encaixada entre la serralada Litoral, el mar Mediterrani, el riu Besòs i la muntanya de Montjuïc. La ciutat acull les seus de les institucions d'autogovern més importants de Catalunya: la Generalitat de Catalunya i el Parlament de Catalunya. Per haver estat capital del Comtat de Barcelona, rep sovint el sobrenom de Ciutat Comtal. 1.608.746 Barcelona Plaça de Sant Jaume, 1",2019-07-02T10:12:07.586Z ,,,
5453371ae57214ab3e841017,http://www.amb.cat/ca_ES/web/area-metropolitana/municipis-metropolitans/detall/-/municipi/castelldefels/64278/11692,"Castelldefels és una ciutat costanera que es troba a 20 minuts de Barcelona (18 km) i a 10 minuts de l'aeroport (9 km) a través d'autopista (C-32), autovia (C-31) i carretera (C-245). El terme municipal limita amb els termes municipals de Gavà (a l'est i al nord) i de Sitges (a l'oest). El mar Mediterrani banya el sud de la ciutat i el Parc Natural del Garraf s'inicia al nord i a l'oest de la ciutat.",Mapa Castelldefels,,Mapa Castelldefels,http://www.amb.cat/documents/11696/317954/castelldefels.jpg/c41093ca-7338-4d4c-98ad-90ea86bd5798?t=1373265870000,,"12,8",Dades estadístiques,Castelldefels - Evolució de la població total i estrangera,Mostrar gràfic i taula,municipis,Castelldefels - Lloc de naixement de la població,Mostrar gràfic i taula,municipis,Població,,Castelldefels - Evolució afiliació Seguretat Social ,Mostrar gràfic i taula,municipis,Castelldefels - Evolució de la taxa d'atur,Mostrar gràfic i taula,municipis,Activitat econòmica,,Castelldefels - Edificis segons any de construcció,Mostrar gràfic i taula,municipis,Castelldefels - Habitatges acabats i iniciats ,Mostrar gràfic i taula,municipis,Edificis i habitatges,,Castelldefels - Evolució de l'ocupació per ús del sòl,Mostrar gràfic i taula,municipis,Sòl,,Castelldefels - Evolució del percentatge vots,Mostrar gràfic i taula,municipis,Eleccions municipals 2019,,http://www.castelldefels.org/,ca_ES,64278,Castelldefels,Àrea metropolitana,1.97666704654694,41.2799987792969,,,64.892,Castelldefels,8860,,"Plaça de l'Església, 1",93 665 11 50,,"Castelldefels Castelldefels és una ciutat costanera que es troba a 20 minuts de Barcelona (18 km) i a 10 minuts de l'aeroport (9 km) a través d'autopista (C-32), autovia (C-31) i carretera (C-245). El terme municipal limita amb els termes municipals de Gavà (a l'est i al nord) i de Sitges (a l'oest). El mar Mediterrani banya el sud de la ciutat i el Parc Natural del Garraf s'inicia al nord i a l'oest de la ciutat. 64.892 Castelldefels Plaça de l'Església, 1",2019-07-02T10:07:59.593Z ,,,
5453371ae57214ab3e841019,http://www.amb.cat/ca_ES/web/area-metropolitana/municipis-metropolitans/detall/-/municipi/molins-de-rei/64287/11692,"Molins de Rei és una vila i municipi de Catalunya de la comarca del Baix Llobregat. Situat a la riba esquerra del riu Llobregat, s'estén des de la plana al·luvial del riu fins als contraforts occidentals de la serra de Collserola (serralada Litoral). Limita al nord amb el Papiol i Sant Cugat del Vallès, al nord-est amb Barcelona, al sud amb Sant Feliu de Llobregat i a l'oest amb Sant Vicenç dels Horts.",Mapa Molins de Rei,,Mapa Molins de Rei,http://www.amb.cat/documents/11696/317954/molins_de_rei.jpg/2a4498f1-12b7-46d3-bacd-59e33dbbd02c?t=1373265866000,,"15,91",Dades estadístiques,Molins de Rei - Evolució de la població total i estrangera,Mostrar gràfic i taula,municipis,Molins de Rei - Lloc de naixement de la població,Mostrar gràfic i taula,municipis,Població,,Molins de Rei - Evolució afiliació Seguretat Social ,Mostrar gràfic i taula,municipis,Molins de Rei - Evolució de la taxa d'atur,Mostrar gràfic i taula,municipis,Activitat econòmica,,Molins de Rei - Evolució de l'ocupació per ús del sòl,Mostrar gràfic i taula,municipis,Sòl,,Molins de Rei - Edificis segons any de construcció,Mostrar gràfic i taula,municipis,Molins de Rei - Habitatges acabats i iniciats ,Mostrar gràfic i taula,municipis,Edificis i habitatges,,Molins de Rei - Evolució del percentatge vots,Mostrar gràfic i taula,municipis,Eleccions municipals 2019,,http://www.molinsderei.cat,ca_ES,64287,Molins de Rei,Àrea metropolitana,2.01583290100098,41.4138908386231,,,25.359,Molins de Rei,8750,,"Plaça de Catalunya, 1",93 680 33 40,,"Molins de Rei Molins de Rei és una vila i municipi de Catalunya de la comarca del Baix Llobregat. Situat a la riba esquerra del riu Llobregat, s'estén des de la plana al·luvial del riu fins als contraforts occidentals de la serra de Collserola (serralada Litoral). Limita al nord amb el Papiol i Sant Cugat del Vallès, al nord-est amb Barcelona, al sud amb Sant Feliu de Llobregat i a l'oest amb Sant Vicenç dels Horts. 25.359 Molins de Rei Plaça de Catalunya, 1",2019-07-02T09:59:09.356Z ,,,
54533718e57214ab3e840feb,http://www.amb.cat/ca_ES/web/area-metropolitana/municipis-metropolitans/detall/-/municipi/l-hospitalet-de-llobregat/273622/11692,"L'Hospitalet de Llobregat és una ciutat del municipi del mateix nom dins la comarca del Barcelonès, situada al marge esquerre del riu Llobregat. Limita a l'oest amb els municipis d'Esplugues de Llobregat, Cornellà de Llobregat i el Prat de Llobregat, i a l'est i sud amb la ciutat de Barcelona, amb la qual té una continuïtat de la trama urbana. És la segona ciutat de Catalunya en nombre d'habitants.",Mapa Gavà,,Mapa Gavà,http://www.amb.cat/documents/11696/317954/hospitalet_de_llobregat.jpg/f14a481b-0fd0-405d-9f88-91b07f3e62ba?t=1373265867000,,"12,4",Dades estadístiques,L'Hospitalet de Llobregat - Evolució de la població total i estrangera,Mostrar gràfic i taula,municipis,L'Hospitalet de Llobregat - Lloc de naixement de la població,Mostrar gràfic i taula,municipis,Població,,L'Hospitalet de Llobregat - Evolució afiliació Seguretat Social ,Mostrar gràfic i taula,municipis,L'Hospitalet de Llobregat - Evolució de la taxa d'atur,Mostrar gràfic i taula,municipis,Activitat econòmica,,L'Hospitalet de Llobregat - Edificis segons any de construcció,Mostrar gràfic i taula,municipis,L'Hospitalet de Llobregat - Habitatges acabats i iniciats ,Mostrar gràfic i taula,municipis,Edificis i habitatges,,L'Hospitalet de Llobregat - Evolució de l'ocupació per ús del sòl,Mostrar gràfic i taula,municipis,Sòl,,L'Hospitalet de Llobregat - Evolució del percentatge vots,Mostrar gràfic i taula,municipis,Eleccions municipals 2019,,http://www.l-h.cat,ca_ES,273622,L'Hospitalet de Llobregat,Àrea metropolitana,2.11418151855469,41.3659858703613,,,254.804,L'Hospitalet de Llobregat,8901,,"Plaça de l'Ajuntament, 11",93 402 94 00,,"L'Hospitalet de Llobregat L'Hospitalet de Llobregat és una ciutat del municipi del mateix nom dins la comarca del Barcelonès, situada al marge esquerre del riu Llobregat. Limita a l'oest amb els municipis d'Esplugues de Llobregat, Cornellà de Llobregat i el Prat de Llobregat, i a l'est i sud amb la ciutat de Barcelona, amb la qual té una continuïtat de la trama urbana. És la segona ciutat de Catalunya en nombre d'habitants. 254.804 L'Hospitalet de Llobregat Plaça de l'Ajuntament, 11",2019-12-11T12:21:14.140Z ,,,
